0.30361
0.23582
0.22403
0.22381
0.32209
0.2765
0.33686
0.34167
0.30042
0.29775
0.35642
0.37854
0.28544
0.26627
0.30582
0.25373
0.29104
0.32058
0.27227
0.18361
0.34697
0.30704
0.28262
0.22848
0.24269
0.26202
0.3054
0.23983
0.45535
0.34072
0.2161
0.25136
0.28208
0.27807
0.28293
0.26694
0.24772
0.27843
0.35724
0.19409
0.17609
0.32843
0.32821
0.24088
0.30996
0.41567
0.28594
0.21395
0.34979
0.32182
0.24062
0.31794
0.32246
0.27115
0.27249
0.27828
0.29406
0.30008
0.32879
0.2957
0.31615
0.31757
0.32118
0.29131
0.30783
0.18733
0.37049
0.34289
0.28338
0.36094
0.33653
0.26806
0.25923